         1         1         2        3.60     6020.00  
         2         1         3        2.40     9010.00 
         3         2         1        3.60    12020.00        
         4         2         6        3.00    15920.00        
         5         3         1        2.40    46810.00        
         6         3         4        2.40    34220.00        
         7         3        12        2.40    46810.00        
         8         4         3        2.40    25820.00        
         9         4         5        1.20    28250.00        
        10         4        11        3.60     9040.00        
        11         5         4        1.20    46850.00        
        12         5         6        2.40    13860.00        
        13         5         9        3.00    10520.00        
        14         6         2        3.00     9920.00        
        15         6         5        2.40     9900.00        
        16         6         8        1.20    21620.00        
        17         7         8        1.80    15680.00        
        18         7        18        1.20    46810.00        
        19         8         6        1.20     9800.00        
        20         8         7        1.80    15680.00        
        21         8         9        2.00    10100.00        
        22         8        16        3.00    10090.00        
        23         9         5        3.00    20000.00        
        24         9         8        2.00    10100.00        
        25         9        10        1.80    27830.00        
        26        10         9        1.80    27830.00        
        27        10        11        3.00    20000.00        
        28        10        15        3.60    27020.00        
        29        10        16        3.00    10270.00        
        30        10        17        4.20     9990.00        
        31        11         4        3.60     9820.00        
        32        11        10        3.00    20000.00        
        33        11        12        3.60     9820.00        
        34        11        14        2.40     9750.00        
        35        12         3        2.40    46810.00        
        36        12        11        3.60     9820.00        
        37        12        13        1.80    51800.00        
        38        13        12        1.80    51800.00        
        39        13        24        2.40    10180.00        
        40        14        11        2.40     9750.00        
        41        14        15        3.00    10260.00        
        42        14        23        2.40     9850.00        
        43        15        10        3.60    27020.00        
        44        15        14        3.00    10260.00        
        45        15        19        2.40     9640.00        
        46        15        22        2.40    20630.00        
        47        16         8        3.00    10090.00        
        48        16        10        3.00    10270.00        
        49        16        17        1.20    10460.00        
        50        16        18        1.80    39360.00        
        51        17        10        4.20     9990.00        
        52        17        16        1.20    10460.00        
        53        17        19        1.20     9650.00        
        54        18         7        1.20    46810.00        
        55        18        16        1.80    39360.00        
        56        18        20        2.40     8110.00        
        57        19        15        2.40     4420.00        
        58        19        17        1.20     9650.00        
        59        19        20        2.40    10000.00        
        60        20        18        2.40     8110.00        
        61        20        19        2.40     6040.00        
        62        20        21        3.60    10120.00        
        63        20        22        3.00    10150.00        
        64        21        20        3.60    10120.00        
        65        21        22        1.20    10460.00        
        66        21        24        1.80     9770.00        
        67        22        15        2.40    20630.00        
        68        22        20        3.00    10150.00        
        69        22        21        1.20    10460.00        
        70        22        23        2.40    10000.00        
        71        23        14        2.40     9850.00        
        72        23        22        2.40    10000.00        
        73        23        24        1.20    10160.00        
        74        24        13        2.40    11380.00        
        75        24        21        1.80     9770.00        
        76        24        23        1.20    10160.00        
  1  2  4  5 10 11 13 14 15 19 20 21 22 24
  1  2  4  5 10 11 13 14 15 19 20 21 22 24
         1         1       .00
         1         2   1200.00
         1         4   1200.00
         1         5   1200.00
         1        10    980.00
         1        11   1000.00
         1        13   1140.00
         1        14    900.00
         1        15    860.00
         1        19    820.00
         1        20    540.00
         1        21    540.00
         1        22    700.00
         1        24    670.00
         2         1   1200.00
         2         2       .00
         2         4   1140.00
         2         5   1180.00
         2        10   1000.00
         2        11   1020.00
         2        13    820.00
         2        14    860.00
         2        15    850.00
         2        19   1180.00
         2        20    540.00
         2        21    620.00
         2        22    610.00
         2        24    540.00
         4         1   1200.00
         4         2   1140.00
         4         4       .00
         4         5   1200.00
         4        10    980.00
         4        11    970.00
         4        13    860.00
         4        14    820.00
         4        15    760.00
         4        19    730.00
         4        20    560.00
         4        21    580.00
         4        22    540.00
         4        24    730.00
         5         1   1200.00
         5         2   1180.00
         5         4   1200.00
         5         5       .00
         5        10   1030.00
         5        11    880.00
         5        13    830.00
         5        14    800.00
         5        15    740.00
         5        19    660.00
         5        20    730.00
         5        21    740.00
         5        22    850.00
         5        24    540.00
        10         1    980.00
        10         2   1000.00
        10         4    980.00
        10         5   1030.00
        10        10       .00
        10        11   1210.00
        10        13    820.00
        10        14    900.00
        10        15   1200.00
        10        19   1060.00
        10        20    860.00
        10        21    820.00
        10        22    880.00
        10        24    540.00
        11         1   1000.00
        11         2   1020.00
        11         4    970.00
        11         5    880.00
        11        10   1210.00
        11        11       .00
        11        13    850.00
        11        14   1200.00
        11        15   1010.00
        11        19    860.00
        11        20    670.00
        11        21    550.00
        11        22   1000.00
        11        24    950.00
        13         1   1140.00
        13         2    820.00
        13         4    860.00
        13         5    830.00
        13        10    820.00
        13        11    850.00
        13        13       .00
        13        14    790.00
        13        15    780.00
        13        19    620.00
        13        20    540.00
        13        21    560.00
        13        22    610.00
        13        24   1200.00
        14         1    900.00
        14         2    860.00
        14         4    820.00
        14         5    800.00
        14        10    900.00
        14        11   1200.00
        14        13    790.00
        14        14       .00
        14        15   1200.00
        14        19   1030.00
        14        20    860.00
        14        21    790.00
        14        22    820.00
        14        24   1030.00
        15         1    860.00
        15         2    850.00
        15         4    760.00
        15         5    740.00
        15        10   1200.00
        15        11   1010.00
        15        13    780.00
        15        14   1200.00
        15        15       .00
        15        19   1200.00
        15        20   1150.00
        15        21   1040.00
        15        22   1200.00
        15        24    830.00
        19         1    820.00
        19         2   1180.00
        19         4    730.00
        19         5    660.00
        19        10   1060.00
        19        11    860.00
        19        13    620.00
        19        14   1030.00
        19        15   1200.00
        19        19       .00
        19        20   1200.00
        19        21   1010.00
        19        22   1000.00
        19        24    730.00
        20         1    540.00
        20         2    540.00
        20         4    560.00
        20         5    730.00
        20        10    860.00
        20        11    670.00
        20        13    540.00
        20        14    890.00
        20        15   1150.00
        20        19   1200.00
        20        20       .00
        20        21   1200.00
        20        22   1200.00
        20        24    550.00
        21         1    540.00
        21         2    620.00
        21         4    580.00
        21         5    740.00
        21        10    820.00
        21        11    550.00
        21        13    560.00
        21        14    790.00
        21        15   1040.00
        21        19   1010.00
        21        20   1200.00
        21        21       .00
        21        22   1200.00
        21        24   1200.00
        22         1    700.00
        22         2    610.00
        22         4    540.00
        22         5    850.00
        22        10    880.00
        22        11   1000.00
        22        13    610.00
        22        14    820.00
        22        15   1200.00
        22        19   1000.00
        22        20   1200.00
        22        21   1200.00
        22        22       .00
        22        24   1030.00
        24         1    670.00
        24         2    540.00
        24         4    730.00
        24         5    540.00
        24        10    540.00
        24        11    950.00
        24        13   1200.00
        24        14   1030.00
        24        15    830.00
        24        19    730.00
        24        20    550.00
        24        21   1200.00
        24        22   1030.00
        24        24       .00
